zoo TAN
0.78571
0.75238
0.67687
0.8619
0.71429
0.70522
zoo NB
0.82857
0.80952
0.74603
0.89048
0.80952
0.78836
cmc TAN
0.39886
0.42057
0.39452
0.47329
0.43051
0.4442
cmc NB
0.44524
0.46653
0.44041
0.52975
0.47797
0.49357
diabetes TAN
0.48963
0.49091
0.42508
0.52914
0.42857
0.41228
diabetes NB
0.72585
0.70606
0.71273
0.74068
0.74675
0.74098
wine TAN
0.01515
0.00667
0.00926
0.00232
0.00102
0.00142
wine NB
0.31155
0.48155
0.30954
0.49
0.39796
0.39185
occupancy TAN
0.66603
0.82225
0.6631
0.89481
0.73662
0.77547
occupancy NB
0.99549
0.99759
0.99653
0.9983
0.9983
0.9983
