zoo TAN 0
0.80952
0.75
0.76496
0.87075
0.90476
0.87668
zoo TAN 0.1
0.91667
0.98611
0.9372
0.97619
0.95238
0.95928
zoo TAN 0.5
0.91667
0.98611
0.9372
0.97619
0.95238
0.95928
zoo TAN 1
0.91667
0.98611
0.9372
0.97619
0.95238
0.95928
zoo TAN 2
0.86111
0.97222
0.89596
0.94444
0.90476
0.91313
zoo TAN 3
0.83333
0.95833
0.86508
0.92857
0.85714
0.87075
zoo NB 0
0.52778
0.65278
0.57053
0.8254
0.85714
0.82912
zoo NB 0.1
0.52778
0.65278
0.57053
0.8254
0.85714
0.82912
zoo NB 0.5
0.52778
0.65278
0.57053
0.8254
0.85714
0.82912
zoo NB 1
0.52778
0.65278
0.57053
0.8254
0.85714
0.82912
zoo NB 2
0.52778
0.65278
0.57053
0.8254
0.85714
0.82912
zoo NB 3
0.52778
0.65278
0.57053
0.8254
0.85714
0.82912
zoo CTREE 0
0.5
0.66667
0.55
0.79365
0.85714
0.81429
zoo CTREE 1
0.27778
0.33333
0.3
0.52381
0.71429
0.6
zoo CTREE 2
0.35556
0.5
0.39815
0.61587
0.7619
0.6746
zoo CTREE 3
0.5
0.66667
0.55
0.79365
0.85714
0.81429
zoo CTREE 4
0.5
0.66667
0.55
0.79365
0.85714
0.81429
cmc TAN 0
0.52304
0.52492
0.52341
0.53384
0.53559
0.53416
cmc TAN 0.1
0.51473
0.51794
0.51603
0.52539
0.52542
0.52516
cmc TAN 0.5
0.51137
0.51534
0.513
0.5228
0.52203
0.52213
cmc TAN 1
0.50579
0.51229
0.50812
0.51826
0.51525
0.516
cmc TAN 2
0.46513
0.47284
0.4634
0.48391
0.4678
0.47088
cmc TAN 3
0.4706
0.48103
0.46337
0.4903
0.46441
0.46603
cmc NB 0
0.52113
0.52778
0.50918
0.54761
0.51186
0.51578
cmc NB 0.1
0.52113
0.52778
0.50918
0.54761
0.51186
0.51578
cmc NB 0.5
0.52113
0.52778
0.50918
0.54761
0.51186
0.51578
cmc NB 1
0.52113
0.52778
0.50918
0.54761
0.51186
0.51578
cmc NB 2
0.52113
0.52778
0.50918
0.54761
0.51186
0.51578
cmc NB 3
0.52113
0.52778
0.50918
0.54761
0.51186
0.51578
cmc CTREE 0
0.54345
0.5005
0.50119
0.54611
0.51864
0.51493
cmc CTREE 1
0.31126
0.46518
0.37293
0.32616
0.48475
0.38991
cmc CTREE 2
0.32628
0.4657
0.38007
0.33512
0.50508
0.39972
cmc CTREE 3
0.54345
0.5005
0.50119
0.54611
0.51864
0.51493
cmc CTREE 4
0.54345
0.5005
0.50119
0.54611
0.51864
0.51493
diabetes TAN 0
0.70879
0.73019
0.71346
0.75696
0.73377
0.74021
diabetes TAN 0.1
0.74242
0.75385
0.74713
0.77961
0.77273
0.77534
diabetes TAN 0.5
0.74362
0.75904
0.74938
0.78291
0.77273
0.7762
diabetes TAN 1
0.76509
0.78385
0.77185
0.80363
0.79221
0.79575
diabetes TAN 2
0.74514
0.76423
0.75151
0.78652
0.77273
0.77697
diabetes TAN 3
0.71462
0.74058
0.71746
0.76632
0.73377
0.74126
diabetes NB 0
0.74899
0.73788
0.74273
0.77532
0.77922
0.7767
diabetes NB 0.1
0.74899
0.73788
0.74273
0.77532
0.77922
0.7767
diabetes NB 0.5
0.74899
0.73788
0.74273
0.77532
0.77922
0.7767
diabetes NB 1
0.74899
0.73788
0.74273
0.77532
0.77922
0.7767
diabetes NB 2
0.74899
0.73788
0.74273
0.77532
0.77922
0.7767
diabetes NB 3
0.74899
0.73788
0.74273
0.77532
0.77922
0.7767
diabetes CTREE 0
0.06897
0.12
0.08759
0.04478
0.07792
0.05688
diabetes CTREE 1
0.08889
0.16
0.11429
0.05772
0.1039
0.07421
diabetes CTREE 2
0.11278
0.3
0.16393
0.07324
0.19481
0.10645
diabetes CTREE 3
0.06897
0.12
0.08759
0.04478
0.07792
0.05688
diabetes CTREE 4
0.06897
0.12
0.08759
0.04478
0.07792
0.05688
wine TAN 0
0.30482
0.2763
0.28725
0.49823
0.50306
0.49639
wine TAN 0.1
0.28946
0.19541
0.23022
0.49868
0.36531
0.41586
wine TAN 0.5
0.2711
0.08672
0.12976
0.52699
0.17347
0.25708
wine TAN 1
0.25411
0.04002
0.06693
0.49106
0.06327
0.1109
wine TAN 2
0.28776
0.01663
0.02994
0.49026
0.01122
0.0214
wine TAN 3
0.21429
0.01185
0.02077
0.18163
0.00306
0.00557
wine NB 0
0.25861
0.26419
0.2545
0.45612
0.41327
0.42807
wine NB 0.1
0.25861
0.26419
0.2545
0.45612
0.41327
0.42807
wine NB 0.5
0.25861
0.26419
0.2545
0.45612
0.41327
0.42807
wine NB 1
0.25861
0.26419
0.2545
0.45612
0.41327
0.42807
wine NB 2
0.25861
0.26419
0.2545
0.45612
0.41327
0.42807
wine NB 3
0.25861
0.26419
0.2545
0.45612
0.41327
0.42807
wine CTREE 0
0.01457
0.06487
0.00922
0.02533
0.01939
0.00718
wine CTREE 1
0.00344
0.0754
0.0064
0.00082
0.01122
0.00152
wine CTREE 2
0.00422
0.09127
0.00806
0.00108
0.02347
0.00207
wine CTREE 3
0.00422
0.09127
0.00806
0.00108
0.02347
0.00207
wine CTREE 4
0.00401
0.08333
0.00765
0.00103
0.02143
0.00197
occupancy TAN 0
0.97819
0.98474
0.98142
0.98677
0.98662
0.98667
occupancy TAN 0.1
0.97824
0.98615
0.98212
0.9873
0.98711
0.98716
occupancy TAN 0.5
0.9758
0.98535
0.98046
0.98616
0.98589
0.98597
occupancy TAN 1
0.97483
0.98504
0.97981
0.98571
0.98541
0.98549
occupancy TAN 2
0.97051
0.98361
0.97685
0.98369
0.98322
0.98334
occupancy TAN 3
0.96777
0.98177
0.97453
0.98206
0.98152
0.98165
occupancy NB 0
0.93941
0.97819
0.95672
0.97142
0.96766
0.96834
occupancy NB 0.1
0.93941
0.97819
0.95672
0.97142
0.96766
0.96834
occupancy NB 0.5
0.93941
0.97819
0.95672
0.97142
0.96766
0.96834
occupancy NB 1
0.93941
0.97819
0.95672
0.97142
0.96766
0.96834
occupancy NB 2
0.93941
0.97819
0.95672
0.97142
0.96766
0.96834
occupancy NB 3
0.93941
0.97819
0.95672
0.97142
0.96766
0.96834
occupancy CTREE 0
0.00064
0.00209
0.00098
3e-04
0.00097
0.00046
occupancy CTREE 1
0.00064
0.00209
0.00098
3e-04
0.00097
0.00046
occupancy CTREE 2
0.00064
0.00209
0.00098
3e-04
0.00097
0.00046
occupancy CTREE 3
8e-04
0.00261
0.00123
0.00037
0.00122
0.00057
occupancy CTREE 4
0.00064
0.00209
0.00098
3e-04
0.00097
0.00046
end